saleid|I|C|S|T|Q|P
36|13517|16566|45|73|19|expensive
78345|10528|4745|20|73|23|supercheap
79991|6715|707|75|41|34|expensive
84|6697|8397|83|92|16|outrageous
36|9639|2435|29|17|31|moderate
95047|11877|2020|44|79|29|supercheap
48867|12387|15274|98|76|35|supercheap
22220|10650|5746|57|73|24|outrageous
784|9958|11849|85|16|9|supercheap
34328|11376|4042|50|66|44|supercheap
61356|11001|8397|72|73|32|outrageous
41673|11026|13072|76|73|1|supercheap
48926|10905|8397|65|73|7|supercheap
84|8606|2477|50|73|11|supercheap
14876|9215|8397|49|71|40|supercheap
69406|6115|16788|60|73|20|moderate
46341|10445|17854|100|73|45|supercheap
17846|10923|5746|34|95|29|cheap
67528|7382|8397|40|16|16|moderate
76012|13098|5746|92|78|21|moderate
86835|10653|14308|95|48|43|cheap
51047|9598|7753|2|59|6|supercheap
96804|11995|5746|49|73|19|cheap
98311|7575|4973|62|95|38|cheap
43843|3681|10729|82|73|40|supercheap
34150|12333|17880|4|73|42|supercheap
16476|6592|3441|74|73|27|supercheap
63161|6582|5746|51|1|26|supercheap
84697|11352|8099|19|75|29|moderate
33182|6613|16828|26|22|32|supercheap
28744|9201|5746|20|73|26|supercheap
16315|10538|8200|68|52|29|supercheap
53008|6712|3312|79|73|49|supercheap
32673|13770|5246|63|73|38|supercheap
43258|6341|16802|38|73|26|supercheap
8022|8853|8397|40|91|48|supercheap
91641|10161|8397|86|73|20|supercheap
99548|13063|17176|75|73|30|supercheap
82679|11478|8397|19|73|36|cheap
81456|11280|18615|59|73|16|cheap
28270|8299|65|59|31|48|supercheap
29218|10394|4111|56|32|6|supercheap
58702|8587|8397|10|73|19|moderate
87920|9368|9374|88|73|17|cheap
38307|8466|14689|14|73|4|outrageous
92962|7730|12465|78|34|50|supercheap
33247|7218|5746|25|73|45|supercheap
17942|11876|13955|90|48|49|cheap
63730|8682|19548|73|22|2|supercheap
83906|8354|17376|41|73|3|supercheap
33512|12204|4061|16|89|26|supercheap